State.healthy 	 State.sick 	 State.dead 	 State.immune 	 
1040399 	 1 	 0 	 0 	 
1040394 	 5 	 0 	 1 	 
1040385 	 10 	 2 	 3 	 
1040372 	 15 	 4 	 9 	 
1040351 	 24 	 9 	 16 	 
1040328 	 33 	 18 	 21 	 
1040292 	 46 	 29 	 33 	 
1040259 	 45 	 47 	 49 	 
1040210 	 61 	 63 	 66 	 
1040164 	 64 	 84 	 88 	 
1040105 	 82 	 107 	 106 	 
1040035 	 95 	 142 	 128 	 
1039961 	 107 	 180 	 152 	 
1039882 	 102 	 221 	 195 	 
1039800 	 114 	 260 	 226 	 
1039698 	 136 	 300 	 266 	 
1039605 	 132 	 346 	 317 	 
1039489 	 162 	 394 	 355 	 
1039356 	 178 	 448 	 418 	 
1039242 	 171 	 499 	 488 	 
1039104 	 176 	 569 	 551 	 
1038965 	 196 	 631 	 608 	 
1038830 	 199 	 701 	 670 	 
1038659 	 226 	 774 	 741 	 
1038507 	 212 	 848 	 833 	 
1038345 	 228 	 917 	 910 	 
1038156 	 257 	 1011 	 976 	 
1037981 	 256 	 1099 	 1064 	 
1037792 	 267 	 1197 	 1144 	 
1037585 	 276 	 1284 	 1255 	 
1037366 	 290 	 1376 	 1368 	 
1037168 	 288 	 1466 	 1478 	 
1036954 	 300 	 1564 	 1582 	 
1036757 	 288 	 1666 	 1689 	 
1036531 	 300 	 1789 	 1780 	 
1036286 	 338 	 1883 	 1893 	 
1036032 	 357 	 2002 	 2009 	 
1035776 	 362 	 2127 	 2135 	 
1035508 	 382 	 2256 	 2254 	 
1035248 	 363 	 2391 	 2398 	 
1034956 	 386 	 2530 	 2528 	 
1034690 	 383 	 2665 	 2662 	 
1034399 	 405 	 2803 	 2793 	 
1034101 	 410 	 2958 	 2931 	 
1033808 	 411 	 3090 	 3091 	 
1033484 	 437 	 3259 	 3220 	 
1033173 	 431 	 3421 	 3375 	 
1032876 	 433 	 3572 	 3519 	 
1032571 	 447 	 3722 	 3660 	 
1032240 	 471 	 3861 	 3828 	 
1031888 	 494 	 4043 	 3975 	 
1031525 	 509 	 4201 	 4165 	 
1031166 	 512 	 4384 	 4338 	 
1030790 	 543 	 4551 	 4516 	 
1030438 	 519 	 4750 	 4693 	 
1030060 	 532 	 4921 	 4887 	 
1029700 	 524 	 5113 	 5063 	 
1029320 	 552 	 5298 	 5230 	 
1028903 	 576 	 5497 	 5424 	 
1028508 	 566 	 5684 	 5642 	 
1028081 	 604 	 5885 	 5830 	 
1027665 	 606 	 6100 	 6029 	 
1027234 	 617 	 6298 	 6251 	 
1026809 	 611 	 6512 	 6468 	 
1026360 	 633 	 6732 	 6675 	 
1025937 	 621 	 6952 	 6890 	 
1025498 	 628 	 7158 	 7116 	 
1025029 	 681 	 7351 	 7339 	 
1024572 	 683 	 7586 	 7559 	 
1024078 	 683 	 7830 	 7809 	 
1023613 	 666 	 8093 	 8028 	 
1023115 	 709 	 8317 	 8259 	 
1022611 	 725 	 8571 	 8493 	 
1022100 	 714 	 8832 	 8754 	 
1021606 	 713 	 9093 	 8988 	 
1021076 	 747 	 9337 	 9240 	 
1020539 	 771 	 9619 	 9471 	 
1020020 	 741 	 9882 	 9757 	 
1019473 	 770 	 10167 	 9990 	 
1018908 	 799 	 10447 	 10246 	 
1018345 	 803 	 10736 	 10516 	 
1017781 	 805 	 11015 	 10799 	 
1017200 	 812 	 11306 	 11082 	 
1016647 	 799 	 11598 	 11356 	 
1016059 	 840 	 11869 	 11632 	 
1015472 	 836 	 12154 	 11938 	 
1014875 	 845 	 12416 	 12264 	 
1014274 	 862 	 12704 	 12560 	 
1013685 	 870 	 12995 	 12850 	 
1013092 	 855 	 13308 	 13145 	 
1012449 	 891 	 13613 	 13447 	 
1011825 	 877 	 13927 	 13771 	 
1011166 	 915 	 14230 	 14089 	 
1010522 	 942 	 14511 	 14425 	 
1009886 	 912 	 14841 	 14761 	 
1009245 	 950 	 15143 	 15062 	 
1008612 	 907 	 15492 	 15389 	 
1007966 	 932 	 15805 	 15697 	 
1007264 	 981 	 16128 	 16027 	 
1006634 	 919 	 16476 	 16371 	 
1005942 	 949 	 16786 	 16723 	 
1005236 	 999 	 17119 	 17046 	 
1004516 	 1004 	 17460 	 17420 	 
1003788 	 997 	 17866 	 17749 	 
1003046 	 1052 	 18209 	 18093 	 
1002325 	 1022 	 18575 	 18478 	 
1001597 	 1025 	 18921 	 18857 	 
1000847 	 1063 	 19267 	 19223 	 
1000107 	 1053 	 19630 	 19610 	 
999347 	 1109 	 19974 	 19970 	 
998590 	 1082 	 20352 	 20376 	 
997842 	 1098 	 20730 	 20730 	 
997093 	 1106 	 21092 	 21109 	 
996315 	 1090 	 21490 	 21505 	 
995545 	 1093 	 21869 	 21893 	 
994719 	 1180 	 22252 	 22249 	 
993895 	 1168 	 22696 	 22641 	 
993080 	 1161 	 23128 	 23031 	 
992281 	 1157 	 23519 	 23443 	 
991451 	 1187 	 23894 	 23868 	 
990605 	 1226 	 24304 	 24265 	 
989724 	 1276 	 24724 	 24676 	 
988905 	 1222 	 25132 	 25141 	 
988011 	 1259 	 25565 	 25565 	 
987140 	 1231 	 25996 	 26033 	 
986290 	 1203 	 26429 	 26478 	 
985421 	 1225 	 26868 	 26886 	 
984527 	 1265 	 27279 	 27329 	 
983586 	 1339 	 27708 	 27767 	 
982692 	 1289 	 28162 	 28257 	 
981765 	 1291 	 28639 	 28705 	 
980870 	 1256 	 29117 	 29157 	 
979962 	 1278 	 29548 	 29612 	 
979064 	 1300 	 29991 	 30045 	 
978176 	 1319 	 30411 	 30494 	 
977201 	 1336 	 30882 	 30981 	 
976265 	 1329 	 31372 	 31434 	 
975315 	 1342 	 31847 	 31896 	 
974358 	 1368 	 32304 	 32370 	 
973399 	 1380 	 32788 	 32833 	 
972407 	 1395 	 33301 	 33297 	 
971414 	 1407 	 33773 	 33806 	 
970470 	 1394 	 34259 	 34277 	 
969429 	 1458 	 34725 	 34788 	 
968445 	 1445 	 35241 	 35269 	 
967422 	 1429 	 35772 	 35777 	 
966400 	 1460 	 36278 	 36262 	 
965393 	 1457 	 36807 	 36743 	 
964358 	 1456 	 37319 	 37267 	 
963298 	 1499 	 37839 	 37764 	 
962225 	 1541 	 38353 	 38281 	 
961207 	 1487 	 38883 	 38823 	 
960113 	 1524 	 39375 	 39388 	 
959029 	 1513 	 39900 	 39958 	 
957988 	 1514 	 40413 	 40485 	 
956926 	 1526 	 40949 	 40999 	 
955814 	 1587 	 41445 	 41554 	 
954741 	 1532 	 42004 	 42123 	 
953644 	 1534 	 42549 	 42673 	 
952550 	 1566 	 43097 	 43187 	 
951419 	 1560 	 43662 	 43759 	 
950290 	 1598 	 44189 	 44323 	 
949170 	 1584 	 44756 	 44890 	 
948102 	 1561 	 45267 	 45470 	 
946972 	 1616 	 45787 	 46025 	 
945809 	 1634 	 46318 	 46639 	 
944646 	 1622 	 46891 	 47241 	 
943439 	 1706 	 47442 	 47813 	 
942255 	 1704 	 48028 	 48413 	 
941121 	 1664 	 48641 	 48974 	 
939918 	 1705 	 49223 	 49554 	 
938685 	 1716 	 49816 	 50183 	 
937506 	 1725 	 50414 	 50755 	 
936282 	 1763 	 50978 	 51377 	 
935087 	 1736 	 51569 	 52008 	 
933824 	 1785 	 52181 	 52610 	 
932618 	 1737 	 52857 	 53188 	 
931357 	 1761 	 53465 	 53817 	 
930106 	 1781 	 54072 	 54441 	 
928844 	 1795 	 54705 	 55056 	 
927613 	 1769 	 55303 	 55715 	 
926382 	 1752 	 55920 	 56346 	 
925076 	 1857 	 56531 	 56936 	 
923803 	 1851 	 57178 	 57568 	 
922531 	 1853 	 57802 	 58214 	 
921264 	 1816 	 58440 	 58880 	 
919990 	 1819 	 59059 	 59532 	 
918639 	 1910 	 59705 	 60146 	 
917335 	 1893 	 60334 	 60838 	 
916018 	 1865 	 61022 	 61495 	 
914697 	 1863 	 61677 	 62163 	 
913309 	 1963 	 62311 	 62817 	 
911984 	 1903 	 63018 	 63495 	 
910650 	 1933 	 63637 	 64180 	 
909272 	 1972 	 64285 	 64871 	 
907873 	 1956 	 64972 	 65599 	 
906502 	 1961 	 65664 	 66273 	 
905140 	 1947 	 66353 	 66960 	 
903759 	 1981 	 67059 	 67601 	 
902357 	 2026 	 67744 	 68273 	 
901004 	 1995 	 68477 	 68924 	 
899592 	 1977 	 69186 	 69645 	 
898143 	 2038 	 69873 	 70346 	 
896718 	 2018 	 70595 	 71069 	 
895289 	 2045 	 71332 	 71734 	 
893871 	 2012 	 72061 	 72456 	 
892472 	 2015 	 72774 	 73139 	 
890981 	 2129 	 73467 	 73823 	 
889512 	 2128 	 74208 	 74552 	 
888069 	 2083 	 74921 	 75327 	 
886594 	 2072 	 75661 	 76073 	 
885100 	 2138 	 76399 	 76763 	 
883630 	 2071 	 77185 	 77514 	 
882143 	 2099 	 77929 	 78229 	 
880625 	 2151 	 78634 	 78990 	 
879200 	 2084 	 79394 	 79722 	 
877665 	 2152 	 80125 	 80458 	 
876155 	 2138 	 80875 	 81232 	 
874593 	 2213 	 81628 	 81966 	 
873083 	 2201 	 82401 	 82715 	 
871538 	 2249 	 83166 	 83447 	 
869969 	 2204 	 83952 	 84275 	 
868383 	 2230 	 84727 	 85060 	 
866818 	 2238 	 85486 	 85858 	 
865303 	 2204 	 86250 	 86643 	 
863662 	 2295 	 86987 	 87456 	 
862075 	 2249 	 87804 	 88272 	 
860484 	 2257 	 88592 	 89067 	 
858866 	 2282 	 89411 	 89841 	 
857276 	 2280 	 90226 	 90618 	 
855679 	 2281 	 91057 	 91383 	 
854071 	 2296 	 91868 	 92165 	 
852434 	 2343 	 92661 	 92962 	 
850803 	 2327 	 93475 	 93795 	 
849210 	 2261 	 94280 	 94649 	 
847551 	 2343 	 95038 	 95468 	 
845887 	 2341 	 95897 	 96275 	 
844237 	 2363 	 96724 	 97076 	 
842600 	 2360 	 97525 	 97915 	 
840930 	 2404 	 98318 	 98748 	 
839201 	 2444 	 99172 	 99583 	 
837455 	 2494 	 100056 	 100395 	 
835725 	 2461 	 100975 	 101239 	 
834042 	 2445 	 101832 	 102081 	 
832287 	 2466 	 102685 	 102962 	 
830582 	 2438 	 103544 	 103836 	 
828871 	 2421 	 104384 	 104724 	 
827154 	 2457 	 105251 	 105538 	 
825360 	 2501 	 106134 	 106405 	 
823648 	 2492 	 106963 	 107297 	 
821896 	 2521 	 107795 	 108188 	 
820124 	 2507 	 108745 	 109024 	 
818346 	 2518 	 109620 	 109916 	 
816571 	 2516 	 110519 	 110794 	 
814809 	 2524 	 111419 	 111648 	 
812978 	 2567 	 112332 	 112523 	 
811244 	 2501 	 113226 	 113429 	 
809395 	 2570 	 114127 	 114308 	 
807580 	 2598 	 115039 	 115183 	 
805750 	 2607 	 115944 	 116099 	 
803970 	 2614 	 116854 	 116962 	 
802121 	 2650 	 117746 	 117883 	 
800256 	 2669 	 118678 	 118797 	 
798428 	 2641 	 119602 	 119729 	 
796580 	 2643 	 120523 	 120654 	 
794733 	 2625 	 121452 	 121590 	 
792845 	 2669 	 122373 	 122513 	 
790946 	 2713 	 123288 	 123453 	 
789070 	 2678 	 124220 	 124432 	 
787169 	 2711 	 125130 	 125390 	 
785293 	 2683 	 126118 	 126306 	 
783426 	 2680 	 127024 	 127270 	 
781499 	 2708 	 127948 	 128245 	 
779565 	 2720 	 128878 	 129237 	 
777637 	 2726 	 129793 	 130244 	 
775752 	 2741 	 130700 	 131207 	 
773795 	 2814 	 131658 	 132133 	 
771832 	 2804 	 132611 	 133153 	 
769880 	 2794 	 133586 	 134140 	 
767916 	 2778 	 134593 	 135113 	 
765968 	 2781 	 135523 	 136128 	 
764024 	 2788 	 136494 	 137094 	 
762046 	 2816 	 137456 	 138082 	 
760040 	 2816 	 138440 	 139104 	 
758120 	 2794 	 139447 	 140039 	 
756078 	 2834 	 140453 	 141035 	 
754083 	 2815 	 141448 	 142054 	 
752068 	 2832 	 142464 	 143036 	 
750084 	 2791 	 143450 	 144075 	 
747997 	 2899 	 144407 	 145097 	 
745915 	 2975 	 145402 	 146108 	 
743876 	 2954 	 146434 	 147136 	 
741810 	 2962 	 147481 	 148147 	 
739794 	 2910 	 148514 	 149182 	 
737682 	 2975 	 149513 	 150230 	 
735601 	 2922 	 150561 	 151316 	 
733525 	 2959 	 151568 	 152348 	 
731457 	 2993 	 152570 	 153380 	 
729309 	 3038 	 153613 	 154440 	 
727238 	 2982 	 154693 	 155487 	 
725070 	 2998 	 155743 	 156589 	 
722993 	 2995 	 156816 	 157596 	 
720892 	 3006 	 157906 	 158596 	 
718733 	 3061 	 158946 	 159660 	 
716619 	 3028 	 159986 	 160767 	 
714438 	 3118 	 161050 	 161794 	 
712232 	 3117 	 162152 	 162899 	 
710078 	 3082 	 163303 	 163937 	 
707929 	 3065 	 164343 	 165063 	 
705785 	 3124 	 165451 	 166040 	 
703600 	 3149 	 166524 	 167127 	 
701437 	 3097 	 167628 	 168238 	 
699224 	 3147 	 168712 	 169317 	 
696986 	 3170 	 169838 	 170406 	 
694778 	 3110 	 170999 	 171513 	 
692555 	 3149 	 172106 	 172590 	 
690310 	 3222 	 173200 	 173668 	 
688112 	 3132 	 174352 	 174804 	 
685915 	 3162 	 175461 	 175862 	 
683713 	 3125 	 176549 	 177013 	 
681497 	 3211 	 177611 	 178081 	 
679196 	 3264 	 178730 	 179210 	 
676946 	 3254 	 179852 	 180348 	 
674626 	 3317 	 181005 	 181452 	 
672271 	 3354 	 182167 	 182608 	 
670030 	 3303 	 183305 	 183762 	 
667710 	 3304 	 184481 	 184905 	 
665334 	 3379 	 185661 	 186026 	 
663078 	 3223 	 186849 	 187250 	 
660776 	 3258 	 187974 	 188392 	 
658511 	 3264 	 189088 	 189537 	 
656184 	 3310 	 190215 	 190691 	 
653755 	 3420 	 191369 	 191856 	 
651401 	 3385 	 192577 	 193037 	 
649124 	 3307 	 193749 	 194220 	 
646756 	 3353 	 194928 	 195363 	 
644365 	 3421 	 196068 	 196546 	 
642061 	 3356 	 197251 	 197732 	 
639641 	 3402 	 198469 	 198888 	 
637262 	 3442 	 199617 	 200079 	 
634820 	 3458 	 200806 	 201316 	 
632433 	 3407 	 202059 	 202501 	 
629988 	 3495 	 203226 	 203691 	 
627601 	 3416 	 204446 	 204937 	 
625172 	 3434 	 205648 	 206146 	 
622720 	 3457 	 206864 	 207359 	 
620329 	 3428 	 208048 	 208595 	 
617887 	 3449 	 209256 	 209808 	 
615413 	 3452 	 210481 	 211054 	 
612968 	 3443 	 211658 	 212331 	 
610573 	 3448 	 212839 	 213540 	 
608137 	 3461 	 214082 	 214720 	 
605558 	 3585 	 215296 	 215961 	 
603074 	 3516 	 216604 	 217206 	 
600579 	 3509 	 217856 	 218456 	 
598119 	 3518 	 219077 	 219686 	 
595644 	 3542 	 220287 	 220927 	 
593176 	 3556 	 221542 	 222126 	 
590598 	 3653 	 222706 	 223443 	 
588090 	 3636 	 223964 	 224710 	 
585572 	 3638 	 225220 	 225970 	 
583051 	 3624 	 226499 	 227226 	 
580483 	 3695 	 227752 	 228470 	 
577924 	 3645 	 229050 	 229781 	 
575416 	 3620 	 230287 	 231077 	 
572785 	 3718 	 231518 	 232379 	 
570198 	 3694 	 232777 	 233731 	 
567628 	 3648 	 234081 	 235043 	 
565013 	 3702 	 235373 	 236312 	 
562422 	 3724 	 236666 	 237588 	 
559785 	 3702 	 238006 	 238907 	 
557213 	 3691 	 239276 	 240220 	 
554573 	 3726 	 240564 	 241537 	 
551910 	 3779 	 241871 	 242840 	 
549292 	 3752 	 243214 	 244142 	 
546626 	 3829 	 244549 	 245396 	 
543891 	 3827 	 245932 	 246750 	 
541248 	 3756 	 247284 	 248112 	 
538553 	 3777 	 248613 	 249457 	 
535867 	 3818 	 249942 	 250773 	 
533271 	 3748 	 251289 	 252092 	 
530584 	 3867 	 252575 	 253374 	 
527835 	 3892 	 253944 	 254729 	 
525187 	 3743 	 255303 	 256167 	 
522459 	 3851 	 256603 	 257487 	 
519758 	 3858 	 257975 	 258809 	 
517045 	 3876 	 259292 	 260187 	 
514420 	 3758 	 260681 	 261541 	 
511644 	 3917 	 261987 	 262852 	 
508877 	 3933 	 263351 	 264239 	 
506089 	 3952 	 264728 	 265631 	 
503311 	 3961 	 266073 	 267055 	 
500600 	 3941 	 267405 	 268454 	 
497884 	 3946 	 268725 	 269845 	 
495078 	 3964 	 270126 	 271232 	 
492296 	 3948 	 271521 	 272635 	 
489533 	 3944 	 272940 	 273983 	 
486732 	 3991 	 274316 	 275361 	 
483904 	 3995 	 275718 	 276783 	 
481021 	 4005 	 277168 	 278206 	 
478234 	 3965 	 278558 	 279643 	 
475443 	 3982 	 279970 	 281005 	 
472627 	 4075 	 281367 	 282331 	 
469753 	 4057 	 282782 	 283808 	 
466892 	 4053 	 284211 	 285244 	 
464051 	 4075 	 285624 	 286650 	 
461234 	 4072 	 287025 	 288069 	 
458343 	 4184 	 288418 	 289455 	 
455465 	 4126 	 289898 	 290911 	 
452566 	 4152 	 291347 	 292335 	 
449619 	 4179 	 292814 	 293788 	 
446696 	 4191 	 294311 	 295202 	 
443801 	 4093 	 295835 	 296671 	 
440971 	 4039 	 297273 	 298117 	 
438036 	 4195 	 298639 	 299530 	 
435073 	 4193 	 300104 	 301030 	 
432164 	 4181 	 301577 	 302478 	 
429187 	 4291 	 302994 	 303928 	 
426167 	 4296 	 304486 	 305451 	 
423290 	 4165 	 306007 	 306938 	 
420314 	 4223 	 307484 	 308379 	 
417344 	 4214 	 309014 	 309828 	 
414353 	 4223 	 310511 	 311313 	 
411354 	 4279 	 311970 	 312797 	 
408333 	 4281 	 313488 	 314298 	 
405354 	 4273 	 315001 	 315772 	 
402397 	 4219 	 316506 	 317278 	 
399346 	 4278 	 317962 	 318814 	 
396353 	 4279 	 319437 	 320331 	 
393347 	 4313 	 320961 	 321779 	 
390294 	 4327 	 322501 	 323278 	 
387351 	 4206 	 324041 	 324802 	 
384313 	 4305 	 325590 	 326192 	 
381255 	 4351 	 327036 	 327758 	 
378152 	 4414 	 328568 	 329266 	 
375097 	 4415 	 330072 	 330816 	 
372000 	 4416 	 331654 	 332330 	 
368946 	 4383 	 333250 	 333821 	 
365866 	 4412 	 334763 	 335359 	 
362818 	 4322 	 336331 	 336929 	 
359690 	 4408 	 337818 	 338484 	 
356590 	 4400 	 339338 	 340072 	 
353490 	 4427 	 340865 	 341618 	 
350307 	 4483 	 342410 	 343200 	 
347151 	 4460 	 344018 	 344771 	 
344028 	 4468 	 345564 	 346340 	 
340913 	 4452 	 347138 	 347897 	 
337761 	 4469 	 348705 	 349465 	 
334630 	 4494 	 350240 	 351036 	 
331420 	 4538 	 351831 	 352611 	 
328228 	 4521 	 353438 	 354213 	 
325014 	 4570 	 355003 	 355813 	 
321907 	 4541 	 356611 	 357341 	 
318773 	 4495 	 358176 	 358956 	 
315550 	 4519 	 359769 	 360562 	 
312387 	 4494 	 361336 	 362183 	 
309113 	 4635 	 362906 	 363746 	 
305895 	 4555 	 364573 	 365377 	 
302626 	 4603 	 366203 	 366968 	 
299356 	 4655 	 367837 	 368552 	 
296155 	 4564 	 369475 	 370206 	 
292883 	 4645 	 371064 	 371808 	 
289642 	 4626 	 372694 	 373438 	 
286344 	 4678 	 374324 	 375054 	 
283106 	 4649 	 375972 	 376673 	 
279771 	 4674 	 377689 	 378266 	 
276451 	 4721 	 379321 	 379907 	 
273225 	 4668 	 380966 	 381541 	 
269940 	 4722 	 382563 	 383175 	 
266595 	 4719 	 384262 	 384824 	 
263359 	 4665 	 385948 	 386428 	 
260025 	 4667 	 387588 	 388120 	 
256721 	 4711 	 389197 	 389771 	 
253302 	 4800 	 390852 	 391446 	 
249958 	 4828 	 392481 	 393133 	 
246501 	 4879 	 394189 	 394831 	 
243089 	 4820 	 395891 	 396600 	 
239770 	 4755 	 397591 	 398284 	 
236474 	 4778 	 399251 	 399897 	 
233015 	 4854 	 400968 	 401563 	 
229663 	 4846 	 402675 	 403216 	 
226213 	 4952 	 404338 	 404897 	 
222788 	 4853 	 406130 	 406629 	 
219487 	 4776 	 407820 	 408317 	 
216074 	 4875 	 409494 	 409957 	 
212650 	 4910 	 411208 	 411632 	 
209125 	 4982 	 412974 	 413319 	 
205743 	 4866 	 414685 	 415106 	 
202323 	 4930 	 416381 	 416766 	 
198873 	 4958 	 418035 	 418534 	 
195418 	 4977 	 419758 	 420247 	 
191991 	 4969 	 421468 	 421972 	 
188483 	 4970 	 423196 	 423751 	 
185003 	 5036 	 424898 	 425463 	 
181547 	 5024 	 426631 	 427198 	 
178098 	 4981 	 428358 	 428963 	 
174644 	 4938 	 430109 	 430709 	 
171109 	 5003 	 431842 	 432446 	 
167603 	 4972 	 433612 	 434213 	 
164069 	 5049 	 435325 	 435957 	 
160539 	 4996 	 437079 	 437786 	 
157030 	 5028 	 438863 	 439479 	 
153453 	 5082 	 440623 	 441242 	 
149916 	 5021 	 442416 	 443047 	 
146474 	 4996 	 444097 	 444833 	 
142917 	 5054 	 445822 	 446607 	 
139348 	 5087 	 447549 	 448416 	 
135734 	 5142 	 449359 	 450165 	 
132130 	 5119 	 451231 	 451920 	 
128503 	 5141 	 453037 	 453719 	 
125156 	 4914 	 454798 	 455532 	 
122136 	 4498 	 456547 	 457219 	 
119710 	 3752 	 458160 	 458778 	 
117501 	 3318 	 459476 	 460105 	 
115343 	 3109 	 460706 	 461242 	 
113318 	 2946 	 461808 	 462328 	 
111303 	 2913 	 462869 	 463315 	 
109326 	 2826 	 463886 	 464362 	 
107410 	 2748 	 464891 	 465351 	 
105598 	 2674 	 465810 	 466318 	 
103755 	 2639 	 466739 	 467267 	 
102049 	 2509 	 467650 	 468192 	 
100324 	 2491 	 468494 	 469091 	 
98667 	 2419 	 469368 	 469946 	 
97037 	 2324 	 470260 	 470779 	 
95426 	 2309 	 471038 	 471627 	 
93985 	 2138 	 471879 	 472398 	 
92436 	 2208 	 472620 	 473136 	 
90909 	 2190 	 473373 	 473928 	 
89478 	 2138 	 474136 	 474648 	 
88003 	 2133 	 474872 	 475392 	 
86584 	 2082 	 475593 	 476141 	 
85152 	 2062 	 476329 	 476857 	 
83807 	 1976 	 477030 	 477587 	 
82452 	 1926 	 477731 	 478291 	 
81172 	 1856 	 478397 	 478975 	 
79900 	 1833 	 479021 	 479646 	 
78645 	 1783 	 479676 	 480296 	 
77432 	 1752 	 480322 	 480894 	 
76235 	 1709 	 480941 	 481515 	 
75039 	 1699 	 481552 	 482110 	 
73888 	 1654 	 482148 	 482710 	 
72758 	 1615 	 482754 	 483273 	 
71679 	 1563 	 483340 	 483818 	 
70589 	 1540 	 483926 	 484345 	 
69484 	 1570 	 484439 	 484907 	 
68448 	 1498 	 485010 	 485444 	 
67436 	 1438 	 485546 	 485980 	 
66395 	 1438 	 486074 	 486493 	 
65428 	 1370 	 486584 	 487018 	 
64472 	 1366 	 487089 	 487473 	 
63526 	 1337 	 487567 	 487970 	 
62569 	 1374 	 488040 	 488417 	 
61663 	 1347 	 488505 	 488885 	 
60751 	 1354 	 488954 	 489341 	 
59858 	 1293 	 489415 	 489834 	 
59000 	 1250 	 489879 	 490271 	 
58145 	 1232 	 490323 	 490700 	 
57323 	 1174 	 490786 	 491117 	 
56490 	 1192 	 491201 	 491517 	 
55689 	 1149 	 491630 	 491932 	 
54910 	 1149 	 492025 	 492316 	 
54139 	 1114 	 492414 	 492733 	 
53401 	 1066 	 492803 	 493130 	 
52676 	 1059 	 493169 	 493496 	 
51965 	 1000 	 493562 	 493873 	 
51255 	 1009 	 493906 	 494230 	 
50623 	 956 	 494253 	 494568 	 
49953 	 940 	 494596 	 494911 	 
49285 	 967 	 494918 	 495230 	 
48616 	 960 	 495288 	 495536 	 
47981 	 939 	 495654 	 495826 	 
47373 	 905 	 495978 	 496144 	 
46773 	 864 	 496329 	 496434 	 
46220 	 815 	 496623 	 496742 	 
45656 	 800 	 496928 	 497016 	 
45110 	 790 	 497208 	 497292 	 
44558 	 774 	 497500 	 497568 	 
44014 	 784 	 497770 	 497832 	 
43501 	 772 	 498033 	 498094 	 
42994 	 746 	 498307 	 498353 	 
42503 	 711 	 498556 	 498630 	 
42034 	 674 	 498818 	 498874 	 
41559 	 659 	 499047 	 499135 	 
41106 	 633 	 499292 	 499369 	 
40643 	 643 	 499515 	 499599 	 
40228 	 594 	 499754 	 499824 	 
39827 	 567 	 499962 	 500044 	 
39406 	 584 	 500166 	 500244 	 
39009 	 577 	 500368 	 500446 	 
38629 	 558 	 500574 	 500639 	 
38262 	 538 	 500761 	 500839 	 
37888 	 532 	 500945 	 501035 	 
37534 	 520 	 501132 	 501214 	 
37180 	 517 	 501320 	 501383 	 
36862 	 475 	 501507 	 501556 	 
36553 	 471 	 501659 	 501717 	 
36262 	 439 	 501813 	 501886 	 
35974 	 437 	 501968 	 502021 	 
35699 	 410 	 502127 	 502164 	 
35413 	 410 	 502288 	 502289 	 
35153 	 376 	 502413 	 502458 	 
34876 	 385 	 502549 	 502590 	 
34632 	 352 	 502703 	 502713 	 
34404 	 324 	 502838 	 502834 	 
34180 	 316 	 502958 	 502946 	 
33975 	 308 	 503069 	 503048 	 
33771 	 282 	 503181 	 503166 	 
33572 	 269 	 503291 	 503268 	 
33416 	 242 	 503389 	 503353 	 
33248 	 249 	 503462 	 503441 	 
33093 	 233 	 503547 	 503527 	 
32954 	 204 	 503631 	 503611 	 
32828 	 186 	 503703 	 503683 	 
32710 	 176 	 503759 	 503755 	 
32608 	 159 	 503809 	 503824 	 
32484 	 169 	 503864 	 503883 	 
32363 	 159 	 503926 	 503952 	 
32286 	 128 	 503980 	 504006 	 
32214 	 109 	 504025 	 504052 	 
32149 	 95 	 504068 	 504088 	 
32091 	 85 	 504109 	 504115 	 
32044 	 72 	 504145 	 504139 	 
32006 	 60 	 504174 	 504160 	 
31980 	 47 	 504193 	 504180 	 
31963 	 27 	 504220 	 504190 	 
31939 	 30 	 504233 	 504198 	 
31940 	 9 	 504243 	 504208 	 
31934 	 8 	 504247 	 504211 	 
31930 	 8 	 504250 	 504212 	 
31930 	 3 	 504253 	 504214 	 
31930 	 0 	 504254 	 504216 	 
31930 	 0 	 504254 	 504216 	 
31930 	 0 	 504254 	 504216 	 
31930 	 0 	 504254 	 504216 	 
31930 	 0 	 504254 	 504216 	 
31930 	 0 	 504254 	 504216 	 
31930 	 0 	 504254 	 504216 	 
31930 	 0 	 504254 	 504216 	 
31930 	 0 	 504254 	 504216 	 
31930 	 0 	 504254 	 504216 	 
31930 	 0 	 504254 	 504216 	 
31930 	 0 	 504254 	 504216 	 
31930 	 0 	 504254 	 504216 	 
31930 	 0 	 504254 	 504216 	 
31930 	 0 	 504254 	 504216 	 
31930 	 0 	 504254 	 504216 	 
31930 	 0 	 504254 	 504216 	 
31930 	 0 	 504254 	 504216 	 
31930 	 0 	 504254 	 504216 	 
31930 	 0 	 504254 	 504216 	 
31930 	 0 	 504254 	 504216 	 
31930 	 0 	 504254 	 504216 	 
31930 	 0 	 504254 	 504216 	 
31930 	 0 	 504254 	 504216 	 
31930 	 0 	 504254 	 504216 	 
31930 	 0 	 504254 	 504216 	 
31930 	 0 	 504254 	 504216 	 
31930 	 0 	 504254 	 504216 	 
31930 	 0 	 504254 	 504216 	 
31930 	 0 	 504254 	 504216 	 
31930 	 0 	 504254 	 504216 	 
31930 	 0 	 504254 	 504216 	 
31930 	 0 	 504254 	 504216 	 
31930 	 0 	 504254 	 504216 	 
31930 	 0 	 504254 	 504216 	 
31930 	 0 	 504254 	 504216 	 
31930 	 0 	 504254 	 504216 	 
31930 	 0 	 504254 	 504216 	 
31930 	 0 	 504254 	 504216 	 
31930 	 0 	 504254 	 504216 	 
31930 	 0 	 504254 	 504216 	 
31930 	 0 	 504254 	 504216 	 
31930 	 0 	 504254 	 504216 	 
31930 	 0 	 504254 	 504216 	 
31930 	 0 	 504254 	 504216 	 
31930 	 0 	 504254 	 504216 	 
31930 	 0 	 504254 	 504216 	 
31930 	 0 	 504254 	 504216 	 
31930 	 0 	 504254 	 504216 	 
31930 	 0 	 504254 	 504216 	 
31930 	 0 	 504254 	 504216 	 
31930 	 0 	 504254 	 504216 	 
31930 	 0 	 504254 	 504216 	 
31930 	 0 	 504254 	 504216 	 
31930 	 0 	 504254 	 504216 	 
31930 	 0 	 504254 	 504216 	 
31930 	 0 	 504254 	 504216 	 
31930 	 0 	 504254 	 504216 	 
31930 	 0 	 504254 	 504216 	 
31930 	 0 	 504254 	 504216 	 
31930 	 0 	 504254 	 504216 	 
31930 	 0 	 504254 	 504216 	 
31930 	 0 	 504254 	 504216 	 
31930 	 0 	 504254 	 504216 	 
31930 	 0 	 504254 	 504216 	 
31930 	 0 	 504254 	 504216 	 
31930 	 0 	 504254 	 504216 	 
31930 	 0 	 504254 	 504216 	 
31930 	 0 	 504254 	 504216 	 
31930 	 0 	 504254 	 504216 	 
31930 	 0 	 504254 	 504216 	 
31930 	 0 	 504254 	 504216 	 
31930 	 0 	 504254 	 504216 	 
31930 	 0 	 504254 	 504216 	 
31930 	 0 	 504254 	 504216 	 
31930 	 0 	 504254 	 504216 	 
31930 	 0 	 504254 	 504216 	 
31930 	 0 	 504254 	 504216 	 
31930 	 0 	 504254 	 504216 	 
31930 	 0 	 504254 	 504216 	 
31930 	 0 	 504254 	 504216 	 
31930 	 0 	 504254 	 504216 	 
31930 	 0 	 504254 	 504216 	 
31930 	 0 	 504254 	 504216 	 
31930 	 0 	 504254 	 504216 	 
31930 	 0 	 504254 	 504216 	 
31930 	 0 	 504254 	 504216 	 
31930 	 0 	 504254 	 504216 	 
31930 	 0 	 504254 	 504216 	 
31930 	 0 	 504254 	 504216 	 
31930 	 0 	 504254 	 504216 	 
31930 	 0 	 504254 	 504216 	 
31930 	 0 	 504254 	 504216 	 
31930 	 0 	 504254 	 504216 	 
31930 	 0 	 504254 	 504216 	 
31930 	 0 	 504254 	 504216 	 
31930 	 0 	 504254 	 504216 	 
31930 	 0 	 504254 	 504216 	 
31930 	 0 	 504254 	 504216 	 
31930 	 0 	 504254 	 504216 	 
31930 	 0 	 504254 	 504216 	 
31930 	 0 	 504254 	 504216 	 
31930 	 0 	 504254 	 504216 	 
31930 	 0 	 504254 	 504216 	 
31930 	 0 	 504254 	 504216 	 
31930 	 0 	 504254 	 504216 	 
31930 	 0 	 504254 	 504216 	 
31930 	 0 	 504254 	 504216 	 
31930 	 0 	 504254 	 504216 	 
31930 	 0 	 504254 	 504216 	 
31930 	 0 	 504254 	 504216 	 
31930 	 0 	 504254 	 504216 	 
31930 	 0 	 504254 	 504216 	 
31930 	 0 	 504254 	 504216 	 
31930 	 0 	 504254 	 504216 	 
31930 	 0 	 504254 	 504216 	 
31930 	 0 	 504254 	 504216 	 
31930 	 0 	 504254 	 504216 	 
31930 	 0 	 504254 	 504216 	 
31930 	 0 	 504254 	 504216 	 
31930 	 0 	 504254 	 504216 	 
31930 	 0 	 504254 	 504216 	 
31930 	 0 	 504254 	 504216 	 
31930 	 0 	 504254 	 504216 	 
31930 	 0 	 504254 	 504216 	 
31930 	 0 	 504254 	 504216 	 
31930 	 0 	 504254 	 504216 	 
31930 	 0 	 504254 	 504216 	 
31930 	 0 	 504254 	 504216 	 
31930 	 0 	 504254 	 504216 	 
31930 	 0 	 504254 	 504216 	 
31930 	 0 	 504254 	 504216 	 
31930 	 0 	 504254 	 504216 	 
31930 	 0 	 504254 	 504216 	 
31930 	 0 	 504254 	 504216 	 
31930 	 0 	 504254 	 504216 	 
31930 	 0 	 504254 	 504216 	 
31930 	 0 	 504254 	 504216 	 
31930 	 0 	 504254 	 504216 	 
31930 	 0 	 504254 	 504216 	 
31930 	 0 	 504254 	 504216 	 
31930 	 0 	 504254 	 504216 	 
31930 	 0 	 504254 	 504216 	 
31930 	 0 	 504254 	 504216 	 
31930 	 0 	 504254 	 504216 	 
31930 	 0 	 504254 	 504216 	 
31930 	 0 	 504254 	 504216 	 
31930 	 0 	 504254 	 504216 	 
31930 	 0 	 504254 	 504216 	 
31930 	 0 	 504254 	 504216 	 
31930 	 0 	 504254 	 504216 	 
31930 	 0 	 504254 	 504216 	 
31930 	 0 	 504254 	 504216 	 
31930 	 0 	 504254 	 504216 	 
31930 	 0 	 504254 	 504216 	 
31930 	 0 	 504254 	 504216 	 
31930 	 0 	 504254 	 504216 	 
31930 	 0 	 504254 	 504216 	 
31930 	 0 	 504254 	 504216 	 
31930 	 0 	 504254 	 504216 	 
31930 	 0 	 504254 	 504216 	 
31930 	 0 	 504254 	 504216 	 
31930 	 0 	 504254 	 504216 	 
31930 	 0 	 504254 	 504216 	 
31930 	 0 	 504254 	 504216 	 
31930 	 0 	 504254 	 504216 	 
31930 	 0 	 504254 	 504216 	 
31930 	 0 	 504254 	 504216 	 
31930 	 0 	 504254 	 504216 	 
31930 	 0 	 504254 	 504216 	 
31930 	 0 	 504254 	 504216 	 
31930 	 0 	 504254 	 504216 	 
31930 	 0 	 504254 	 504216 	 
31930 	 0 	 504254 	 504216 	 
31930 	 0 	 504254 	 504216 	 
31930 	 0 	 504254 	 504216 	 
31930 	 0 	 504254 	 504216 	 
31930 	 0 	 504254 	 504216 	 
31930 	 0 	 504254 	 504216 	 
31930 	 0 	 504254 	 504216 	 
31930 	 0 	 504254 	 504216 	 
31930 	 0 	 504254 	 504216 	 
31930 	 0 	 504254 	 504216 	 
31930 	 0 	 504254 	 504216 	 
31930 	 0 	 504254 	 504216 	 
31930 	 0 	 504254 	 504216 	 
31930 	 0 	 504254 	 504216 	 
31930 	 0 	 504254 	 504216 	 
31930 	 0 	 504254 	 504216 	 
31930 	 0 	 504254 	 504216 	 
31930 	 0 	 504254 	 504216 	 
31930 	 0 	 504254 	 504216 	 
31930 	 0 	 504254 	 504216 	 
31930 	 0 	 504254 	 504216 	 
31930 	 0 	 504254 	 504216 	 
31930 	 0 	 504254 	 504216 	 
31930 	 0 	 504254 	 504216 	 
31930 	 0 	 504254 	 504216 	 
31930 	 0 	 504254 	 504216 	 
31930 	 0 	 504254 	 504216 	 
31930 	 0 	 504254 	 504216 	 
31930 	 0 	 504254 	 504216 	 
31930 	 0 	 504254 	 504216 	 
31930 	 0 	 504254 	 504216 	 
31930 	 0 	 504254 	 504216 	 
31930 	 0 	 504254 	 504216 	 
31930 	 0 	 504254 	 504216 	 
31930 	 0 	 504254 	 504216 	 
31930 	 0 	 504254 	 504216 	 
31930 	 0 	 504254 	 504216 	 
31930 	 0 	 504254 	 504216 	 
31930 	 0 	 504254 	 504216 	 
31930 	 0 	 504254 	 504216 	 
31930 	 0 	 504254 	 504216 	 
31930 	 0 	 504254 	 504216 	 
31930 	 0 	 504254 	 504216 	 
31930 	 0 	 504254 	 504216 	 
31930 	 0 	 504254 	 504216 	 
31930 	 0 	 504254 	 504216 	 
31930 	 0 	 504254 	 504216 	 
31930 	 0 	 504254 	 504216 	 
31930 	 0 	 504254 	 504216 	 
31930 	 0 	 504254 	 504216 	 
31930 	 0 	 504254 	 504216 	 
31930 	 0 	 504254 	 504216 	 
31930 	 0 	 504254 	 504216 	 
31930 	 0 	 504254 	 504216 	 
31930 	 0 	 504254 	 504216 	 
31930 	 0 	 504254 	 504216 	 
31930 	 0 	 504254 	 504216 	 
31930 	 0 	 504254 	 504216 	 
31930 	 0 	 504254 	 504216 	 
31930 	 0 	 504254 	 504216 	 
31930 	 0 	 504254 	 504216 	 
31930 	 0 	 504254 	 504216 	 
31930 	 0 	 504254 	 504216 	 
31930 	 0 	 504254 	 504216 	 
31930 	 0 	 504254 	 504216 	 
31930 	 0 	 504254 	 504216 	 
31930 	 0 	 504254 	 504216 	 
31930 	 0 	 504254 	 504216 	 
31930 	 0 	 504254 	 504216 	 
31930 	 0 	 504254 	 504216 	 
31930 	 0 	 504254 	 504216 	 
31930 	 0 	 504254 	 504216 	 
31930 	 0 	 504254 	 504216 	 
31930 	 0 	 504254 	 504216 	 
31930 	 0 	 504254 	 504216 	 
31930 	 0 	 504254 	 504216 	 
31930 	 0 	 504254 	 504216 	 
31930 	 0 	 504254 	 504216 	 
31930 	 0 	 504254 	 504216 	 
31930 	 0 	 504254 	 504216 	 
31930 	 0 	 504254 	 504216 	 
31930 	 0 	 504254 	 504216 	 
31930 	 0 	 504254 	 504216 	 
31930 	 0 	 504254 	 504216 	 
31930 	 0 	 504254 	 504216 	 
31930 	 0 	 504254 	 504216 	 
31930 	 0 	 504254 	 504216 	 
31930 	 0 	 504254 	 504216 	 
31930 	 0 	 504254 	 504216 	 
31930 	 0 	 504254 	 504216 	 
31930 	 0 	 504254 	 504216 	 
31930 	 0 	 504254 	 504216 	 
31930 	 0 	 504254 	 504216 	 
31930 	 0 	 504254 	 504216 	 
31930 	 0 	 504254 	 504216 	 
31930 	 0 	 504254 	 504216 	 
31930 	 0 	 504254 	 504216 	 
31930 	 0 	 504254 	 504216 	 
31930 	 0 	 504254 	 504216 	 
31930 	 0 	 504254 	 504216 	 
31930 	 0 	 504254 	 504216 	 
31930 	 0 	 504254 	 504216 	 
31930 	 0 	 504254 	 504216 	 
31930 	 0 	 504254 	 504216 	 
31930 	 0 	 504254 	 504216 	 
31930 	 0 	 504254 	 504216 	 
31930 	 0 	 504254 	 504216 	 
31930 	 0 	 504254 	 504216 	 
31930 	 0 	 504254 	 504216 	 
31930 	 0 	 504254 	 504216 	 
31930 	 0 	 504254 	 504216 	 
31930 	 0 	 504254 	 504216 	 
31930 	 0 	 504254 	 504216 	 
31930 	 0 	 504254 	 504216 	 
31930 	 0 	 504254 	 504216 	 
31930 	 0 	 504254 	 504216 	 
31930 	 0 	 504254 	 504216 	 
31930 	 0 	 504254 	 504216 	 
31930 	 0 	 504254 	 504216 	 
31930 	 0 	 504254 	 504216 	 
31930 	 0 	 504254 	 504216 	 
31930 	 0 	 504254 	 504216 	 
31930 	 0 	 504254 	 504216 	 
31930 	 0 	 504254 	 504216 	 
31930 	 0 	 504254 	 504216 	 
31930 	 0 	 504254 	 504216 	 
31930 	 0 	 504254 	 504216 	 
31930 	 0 	 504254 	 504216 	 
31930 	 0 	 504254 	 504216 	 
31930 	 0 	 504254 	 504216 	 
31930 	 0 	 504254 	 504216 	 
31930 	 0 	 504254 	 504216 	 
31930 	 0 	 504254 	 504216 	 
31930 	 0 	 504254 	 504216 	 
31930 	 0 	 504254 	 504216 	 
31930 	 0 	 504254 	 504216 	 
31930 	 0 	 504254 	 504216 	 
31930 	 0 	 504254 	 504216 	 
31930 	 0 	 504254 	 504216 	 
31930 	 0 	 504254 	 504216 	 
31930 	 0 	 504254 	 504216 	 
31930 	 0 	 504254 	 504216 	 
31930 	 0 	 504254 	 504216 	 
31930 	 0 	 504254 	 504216 	 
31930 	 0 	 504254 	 504216 	 
31930 	 0 	 504254 	 504216 	 
31930 	 0 	 504254 	 504216 	 
31930 	 0 	 504254 	 504216 	 
31930 	 0 	 504254 	 504216 	 
31930 	 0 	 504254 	 504216 	 
31930 	 0 	 504254 	 504216 	 
31930 	 0 	 504254 	 504216 	 
31930 	 0 	 504254 	 504216 	 
31930 	 0 	 504254 	 504216 	 
31930 	 0 	 504254 	 504216 	 
31930 	 0 	 504254 	 504216 	 
31930 	 0 	 504254 	 504216 	 
31930 	 0 	 504254 	 504216 	 
31930 	 0 	 504254 	 504216 	 
31930 	 0 	 504254 	 504216 	 
31930 	 0 	 504254 	 504216 	 
31930 	 0 	 504254 	 504216 	 
31930 	 0 	 504254 	 504216 	 
31930 	 0 	 504254 	 504216 	 
31930 	 0 	 504254 	 504216 	 
31930 	 0 	 504254 	 504216 	 
31930 	 0 	 504254 	 504216 	 
31930 	 0 	 504254 	 504216 	 
31930 	 0 	 504254 	 504216 	 
31930 	 0 	 504254 	 504216 	 
31930 	 0 	 504254 	 504216 	 
31930 	 0 	 504254 	 504216 	 
31930 	 0 	 504254 	 504216 	 
31930 	 0 	 504254 	 504216 	 
31930 	 0 	 504254 	 504216 	 
31930 	 0 	 504254 	 504216 	 
31930 	 0 	 504254 	 504216 	 
31930 	 0 	 504254 	 504216 	 
31930 	 0 	 504254 	 504216 	 
31930 	 0 	 504254 	 504216 	 
31930 	 0 	 504254 	 504216 	 
31930 	 0 	 504254 	 504216 	 
31930 	 0 	 504254 	 504216 	 
31930 	 0 	 504254 	 504216 	 
31930 	 0 	 504254 	 504216 	 
31930 	 0 	 504254 	 504216 	 
31930 	 0 	 504254 	 504216 	 
31930 	 0 	 504254 	 504216 	 
31930 	 0 	 504254 	 504216 	 
31930 	 0 	 504254 	 504216 	 
31930 	 0 	 504254 	 504216 	 
31930 	 0 	 504254 	 504216 	 
31930 	 0 	 504254 	 504216 	 
31930 	 0 	 504254 	 504216 	 
31930 	 0 	 504254 	 504216 	 
31930 	 0 	 504254 	 504216 	 
31930 	 0 	 504254 	 504216 	 
